COCO_train2014_000000000009.jpg
{u'segmentation': [[500.49, 473.53, 599.73, 419.6, 612.67, 375.37, 608.36, 354.88, 528.54, 269.66, 457.35, 201.71, 420.67, 187.69, 389.39, 192.0, 19.42, 360.27, 1.08, 389.39, 2.16, 427.15, 20.49, 473.53]], u'area': 120057.13925, u'iscrowd': 0, u'image_id': 9, u'bbox': [1.08, 187.69, 611.59, 285.84], u'category_id': 51, u'id': 1038967}
{u'segmentation': [[357.03, 69.03, 311.73, 15.1, 550.11, 4.31, 631.01, 62.56, 629.93, 88.45, 595.42, 185.53, 513.44, 230.83, 488.63, 232.99, 437.93, 190.92, 429.3, 189.84, 434.7, 148.85, 410.97, 121.89, 359.19, 74.43, 358.11, 65.8]], u'area': 44434.751099999994, u'iscrowd': 0, u'image_id': 9, u'bbox': [311.73, 4.31, 319.28, 228.68], u'category_id': 51, u'id': 1039564}
{u'segmentation': [[249.6, 348.99, 267.67, 311.72, 291.39, 294.78, 304.94, 294.78, 326.4, 283.48, 345.6, 273.32, 368.19, 269.93, 385.13, 268.8, 388.52, 257.51, 393.04, 250.73, 407.72, 240.56, 425.79, 230.4, 441.6, 229.27, 447.25, 237.18, 447.25, 256.38, 456.28, 254.12, 475.48, 263.15, 486.78, 271.06, 495.81, 264.28, 498.07, 257.51, 500.33, 255.25, 507.11, 259.76, 513.88, 266.54, 513.88, 273.32, 513.88, 276.71, 526.31, 276.71, 526.31, 286.87, 519.53, 291.39, 519.53, 297.04, 524.05, 306.07, 525.18, 315.11, 529.69, 329.79, 529.69, 337.69, 530.82, 348.99, 536.47, 339.95, 545.51, 350.12, 555.67, 360.28, 557.93, 380.61, 561.32, 394.16, 565.84, 413.36, 522.92, 441.6, 469.84, 468.71, 455.15, 474.35, 307.2, 474.35, 316.24, 464.19, 330.92, 438.21, 325.27, 399.81, 310.59, 378.35, 301.55, 371.58, 252.99, 350.12]], u'area': 49577.94434999999, u'iscrowd': 0, u'image_id': 9, u'bbox': [249.6, 229.27, 316.24, 245.08], u'category_id': 56, u'id': 1058555}
{u'segmentation': [[434.48, 152.33, 433.51, 184.93, 425.44, 189.45, 376.7, 195.58, 266.94, 248.53, 179.78, 290.17, 51.62, 346.66, 16.43, 366.68, 1.9, 388.63, 0.0, 377.33, 0.0, 357.64, 0.0, 294.04, 22.56, 294.37, 56.14, 300.82, 83.58, 300.82, 109.08, 289.2, 175.26, 263.38, 216.9, 243.36, 326.34, 197.52, 387.03, 172.34, 381.54, 162.33, 380.89, 147.16, 380.89, 140.06, 370.89, 102.29, 330.86, 61.94, 318.91, 48.38, 298.57, 47.41, 287.28, 37.73, 259.51, 33.85, 240.14, 32.56, 240.14, 28.36, 247.57, 24.17, 271.46, 15.13, 282.11, 13.51, 296.96, 18.68, 336.34, 55.48, 391.55, 106.81, 432.87, 147.16], [62.46, 97.21, 130.25, 69.77, 161.25, 59.12, 183.52, 52.02, 180.94, 59.12, 170.93, 78.17, 170.28, 90.76, 157.05, 95.92, 130.25, 120.78, 119.92, 129.49, 102.17, 115.29, 64.72, 119.81, 0.0, 137.89, 0.0, 120.13, 0.0, 117.87]], u'area': 24292.781700000007, u'iscrowd': 0, u'image_id': 9, u'bbox': [0.0, 13.51, 434.48, 375.12], u'category_id': 51, u'id': 1534147}
{u'segmentation': [[376.2, 61.55, 391.86, 46.35, 424.57, 40.36, 441.62, 43.59, 448.07, 50.04, 451.75, 63.86, 448.07, 68.93, 439.31, 70.31, 425.49, 73.53, 412.59, 75.38, 402.92, 84.13, 387.71, 86.89, 380.8, 70.77]], u'area': 2239.2924, u'iscrowd': 0, u'image_id': 9, u'bbox': [376.2, 40.36, 75.55, 46.53], u'category_id': 55, u'id': 1913551}
{u'segmentation': [[473.92, 85.64, 469.58, 83.47, 465.78, 78.04, 466.87, 72.08, 472.84, 59.59, 478.26, 47.11, 496.71, 38.97, 514.62, 40.6, 521.13, 49.28, 523.85, 55.25, 520.05, 63.94, 501.06, 72.62, 482.6, 82.93]], u'area': 1658.8913000000007, u'iscrowd': 0, u'image_id': 9, u'bbox': [465.78, 38.97, 58.07, 46.67], u'category_id': 55, u'id': 1913746}
{u'segmentation': [[385.7, 85.85, 407.12, 80.58, 419.31, 79.26, 426.56, 77.94, 435.45, 74.65, 442.7, 73.66, 449.95, 73.99, 456.87, 77.94, 463.46, 83.87, 467.74, 92.77, 469.39, 104.63, 469.72, 117.15, 469.39, 135.27, 468.73, 141.86, 466.09, 144.17, 449.29, 141.53, 437.1, 136.92, 430.18, 129.67]], u'area': 3609.3030499999995, u'iscrowd': 0, u'image_id': 9, u'bbox': [385.7, 73.66, 84.02, 70.51], u'category_id': 55, u'id': 1913856}
{u'segmentation': [[458.81, 24.94, 437.61, 4.99, 391.48, 2.49, 364.05, 56.1, 377.77, 73.56, 377.77, 56.1, 392.73, 41.14, 403.95, 41.14, 420.16, 39.9, 435.12, 42.39, 442.6, 46.13, 455.06, 31.17]], u'area': 2975.276, u'iscrowd': 0, u'image_id': 9, u'bbox': [364.05, 2.49, 94.76, 71.07], u'category_id': 55, u'id': 1914001}



COCO_train2014_000000000025.jpg
{u'segmentation': [[437.52, 353.33, 437.87, 326.98, 433.65, 306.26, 427.33, 287.29, 427.33, 279.56, 424.52, 266.21, 417.85, 255.68, 417.49, 248.65, 428.38, 234.95, 429.09, 223.71, 426.28, 211.77, 416.44, 192.45, 415.74, 191.05, 414.33, 182.27, 414.68, 180.51, 413.98, 170.32, 412.58, 168.22, 411.87, 165.41, 410.82, 149.6, 405.9, 121.15, 400.28, 107.45, 392.56, 108.85, 386.58, 101.13, 385.88, 99.72, 385.53, 92.7, 386.58, 88.48, 385.88, 84.62, 386.94, 81.1, 392.91, 68.11, 395.01, 60.03, 396.07, 60.03, 398.88, 65.65, 398.53, 68.46, 399.58, 70.57, 404.5, 68.81, 408.01, 61.79, 408.71, 61.08, 413.28, 62.84, 409.77, 73.38, 409.77, 77.24, 414.33, 81.81, 418.55, 80.75, 424.17, 77.59, 424.52, 80.4, 418.9, 86.72, 413.98, 93.05, 432.25, 127.82, 442.78, 157.68, 453.32, 172.43, 465.62, 179.46, 482.48, 198.42, 497.23, 214.23, 519.71, 226.17, 535.87, 251.81, 542.19, 268.67, 543.59, 272.89, 562.21, 285.18, 590.31, 293.96, 599.44, 297.12, 600.5, 321.01, 589.26, 318.9, 585.74, 313.98, 582.93, 304.5, 578.72, 296.77, 554.48, 284.83, 543.94, 279.21, 543.59, 311.88, 544.3, 325.22, 551.67, 343.14, 550.27, 347.71, 533.06, 347.35, 523.92, 347.71, 512.33, 348.76, 506.71, 350.16, 488.8, 305.2, 477.91, 295.72, 476.86, 294.67, 470.18, 339.98, 468.78, 355.08, 440.68, 356.49, 439.97, 357.19, 437.87, 357.19]], u'area': 19686.597949999996, u'iscrowd': 0, u'image_id': 25, u'bbox': [385.53, 60.03, 214.97, 297.16], u'category_id': 25, u'id': 598548}
{u'segmentation': [[99.26, 405.72, 133.57, 393.78, 144.76, 381.1, 158.19, 369.91, 173.1, 388.56, 181.31, 390.8, 182.05, 390.8, 185.04, 381.85, 171.61, 360.22, 147.0, 356.49, 133.57, 366.18, 124.62, 373.64, 106.72, 378.12, 82.85, 382.59, 72.41, 390.8, 60.47, 399.0, 53.01, 410.19, 64.95, 411.68, 97.77, 406.46]], u'area': 2785.8475500000004, u'iscrowd': 0, u'image_id': 25, u'bbox': [53.01, 356.49, 132.03, 55.19], u'category_id': 25, u'id': 599491}



COCO_train2014_000000000030.jpg
{u'segmentation': [[267.38, 330.14, 281.81, 314.75, 299.12, 282.05, 281.81, 258.96, 248.14, 224.34, 242.37, 189.71, 213.52, 186.83, 237.56, 160.86, 214.48, 156.05, 224.1, 134.89, 204.86, 128.16, 204.86, 109.89, 209.67, 84.88, 228.91, 79.11, 254.88, 66.6, 319.32, 59.87, 301.04, 31.02, 328.93, 50.25, 353.94, 35.83, 389.53, 49.29, 429.92, 74.3, 451.08, 79.11, 454.93, 90.65, 453.01, 99.31, 459.74, 112.77, 456.85, 132.01, 453.01, 149.32, 442.43, 170.48, 432.81, 178.17, 430.89, 204.14, 410.69, 180.1, 399.15, 218.57, 386.64, 242.61, 358.75, 266.66, 350.09, 289.74, 363.56, 312.82, 388.57, 330.14, 374.14, 347.45, 324.13, 355.14, 263.53, 339.76, 269.3, 329.18]], u'area': 47675.66289999999, u'iscrowd': 0, u'image_id': 30, u'bbox': [204.86, 31.02, 254.88, 324.12], u'category_id': 64, u'id': 291613}
{u'segmentation': [[394.34, 155.81, 403.96, 169.28, 403.96, 198.13, 389.53, 240.45, 364.52, 257.76, 352.98, 279.88, 348.17, 289.5, 354.9, 303.93, 372.22, 312.58, 383.76, 323.16, 372.22, 339.51, 327.01, 350.09, 296.23, 351.06, 270.27, 337.59, 267.38, 330.86, 266.42, 327.01, 292.39, 311.62, 295.27, 273.15, 280.84, 259.69, 255.84, 234.68, 237.56, 191.4, 260.65, 218.33, 285.65, 209.67, 319.32, 205.82, 330.86, 197.17, 338.55, 175.05, 349.13, 170.24, 375.1, 165.43, 370.29, 184.67, 376.06, 183.7, 381.83, 171.2, 389.53, 160.62, 393.38, 157.73]], u'area': 16202.798250000003, u'iscrowd': 0, u'image_id': 30, u'bbox': [237.56, 155.81, 166.4, 195.25], u'category_id': 86, u'id': 1155486}
